1,Bob1,48,11
2,Bob2,30,7
3,Bob3,42,6
4,Bob4,76,7
5,Bob5,94,9
6,Bob6,79,13
7,Bob7,23,8
8,Bob8,82,14
9,Bob9,46,9
10,Bob10,67,9
11,Bob11,82,6
12,Bob12,58,8
13,Bob13,36,6
14,Bob14,57,7
15,Bob15,31,3
16,Bob16,47,4
17,Bob17,37,11
18,Bob18,71,12
19,Bob19,20,6
20,Bob20,78,7
21,Bob21,71,8
22,Bob22,18,3
23,Bob23,57,6
24,Bob24,37,11
25,Bob25,36,10
26,Bob26,33,2
27,Bob27,23,11
28,Bob28,69,6
29,Bob29,87,14
30,Bob30,78,13
31,Bob31,92,11
32,Bob32,65,6
33,Bob33,76,7
34,Bob34,36,8
35,Bob35,53,7
36,Bob36,28,11
37,Bob37,68,6
38,Bob38,49,3
39,Bob39,51,7
40,Bob40,46,4
41,Bob41,94,9
42,Bob42,37,2
43,Bob43,38,7
44,Bob44,64,12
45,Bob45,63,5
46,Bob46,97,7
47,Bob47,52,9
48,Bob48,74,5
49,Bob49,75,7
50,Bob50,73,4
51,Bob51,66,4
52,Bob52,75,11
53,Bob53,56,4
54,Bob54,34,4
55,Bob55,25,3
56,Bob56,97,14
57,Bob57,81,7
58,Bob58,68,9
59,Bob59,18,5
60,Bob60,44,4
61,Bob61,65,13
62,Bob62,56,11
63,Bob63,42,7
64,Bob64,63,9
65,Bob65,68,10
66,Bob66,42,5
67,Bob67,30,10
68,Bob68,47,3
69,Bob69,89,8
70,Bob70,55,3
71,Bob71,96,9
72,Bob72,65,9
73,Bob73,33,8
74,Bob74,48,5
75,Bob75,47,9
76,Bob76,47,8
77,Bob77,33,9
78,Bob78,69,6
79,Bob79,18,10
80,Bob80,68,11
81,Bob81,91,10
82,Bob82,27,7
83,Bob83,78,11
84,Bob84,75,4
85,Bob85,57,3
86,Bob86,70,9
87,Bob87,90,7
88,Bob88,35,2
89,Bob89,34,7
90,Bob90,46,7
91,Bob91,34,5
92,Bob92,61,9
93,Bob93,34,10
94,Bob94,30,11
95,Bob95,49,12
96,Bob96,92,8
97,Bob97,22,6
98,Bob98,32,3
99,Bob99,53,5
100,Bob100,67,4
101,Bob101,77,5
102,Bob102,97,5
103,Bob103,30,8
104,Bob104,58,10
105,Bob105,87,6
106,Bob106,51,6
107,Bob107,62,7
108,Bob108,73,13
109,Bob109,89,13
110,Bob110,69,10
111,Bob111,89,5
112,Bob112,27,4
113,Bob113,39,3
114,Bob114,29,6
115,Bob115,39,3
116,Bob116,92,14
117,Bob117,24,4
118,Bob118,46,7
119,Bob119,29,8
120,Bob120,75,6
121,Bob121,54,3
122,Bob122,33,10
123,Bob123,39,2
124,Bob124,24,3
125,Bob125,74,11
126,Bob126,80,8
127,Bob127,65,13
128,Bob128,70,8
129,Bob129,51,7
130,Bob130,38,4
131,Bob131,72,13
132,Bob132,74,11
133,Bob133,32,11
134,Bob134,48,11
135,Bob135,93,6
136,Bob136,89,11
137,Bob137,97,5
138,Bob138,62,12
139,Bob139,97,10
140,Bob140,93,8
141,Bob141,57,3
142,Bob142,18,6
143,Bob143,26,10
144,Bob144,65,7
145,Bob145,30,10
146,Bob146,47,5
147,Bob147,44,5
148,Bob148,48,9
149,Bob149,55,4
150,Bob150,26,6
151,Bob151,65,13
152,Bob152,25,7
153,Bob153,61,10
154,Bob154,44,5
155,Bob155,65,5
156,Bob156,61,8
157,Bob157,90,12
158,Bob158,78,9
159,Bob159,42,12
160,Bob160,63,13
161,Bob161,76,8
162,Bob162,76,12
163,Bob163,40,4
164,Bob164,34,5
165,Bob165,18,5
166,Bob166,82,12
167,Bob167,45,4
168,Bob168,30,4
169,Bob169,45,12
170,Bob170,65,9
171,Bob171,74,7
172,Bob172,76,12
173,Bob173,96,9
174,Bob174,74,9
175,Bob175,67,12
176,Bob176,84,11
177,Bob177,80,10
178,Bob178,33,9
179,Bob179,47,7
180,Bob180,69,10
181,Bob181,85,7
182,Bob182,59,7
183,Bob183,86,11
184,Bob184,29,7
185,Bob185,23,9
186,Bob186,80,10
187,Bob187,64,5
188,Bob188,61,6
189,Bob189,32,11
190,Bob190,25,4
191,Bob191,44,8
192,Bob192,38,9
193,Bob193,64,9
194,Bob194,18,3
195,Bob195,22,3
196,Bob196,77,5
197,Bob197,83,7
198,Bob198,89,13
199,Bob199,94,6
200,Bob200,42,10
201,Bob201,77,8
202,Bob202,76,11
203,Bob203,56,5
204,Bob204,68,5
205,Bob205,46,3
206,Bob206,63,8
207,Bob207,38,8
208,Bob208,54,7
209,Bob209,78,6
210,Bob210,51,7
211,Bob211,31,4
212,Bob212,93,11
213,Bob213,82,9
214,Bob214,47,7
215,Bob215,27,5
216,Bob216,88,6
217,Bob217,20,2
218,Bob218,27,4
219,Bob219,21,11
220,Bob220,54,3
221,Bob221,30,6
222,Bob222,63,5
223,Bob223,23,11
224,Bob224,27,7
225,Bob225,63,12
226,Bob226,88,12
227,Bob227,32,6
228,Bob228,58,8
229,Bob229,36,8
230,Bob230,83,11
231,Bob231,65,6
232,Bob232,59,8
233,Bob233,31,3
234,Bob234,64,5
235,Bob235,75,9
236,Bob236,54,5
237,Bob237,36,10
238,Bob238,63,8
239,Bob239,34,6
240,Bob240,38,2
241,Bob241,70,11
242,Bob242,86,13
243,Bob243,61,4
244,Bob244,71,10
245,Bob245,46,11
246,Bob246,72,7
247,Bob247,35,6
248,Bob248,88,10
249,Bob249,52,11
250,Bob250,30,3
251,Bob251,78,8
252,Bob252,73,11
253,Bob253,51,7
254,Bob254,82,11
255,Bob255,43,6
256,Bob256,78,5
257,Bob257,89,7
258,Bob258,95,13
259,Bob259,56,11
260,Bob260,89,9
261,Bob261,84,14
262,Bob262,66,5
263,Bob263,85,7
264,Bob264,51,5
265,Bob265,85,6
266,Bob266,59,10
267,Bob267,19,1
268,Bob268,67,10
269,Bob269,96,11
270,Bob270,60,13
271,Bob271,23,10
272,Bob272,84,6
273,Bob273,26,4
274,Bob274,88,5
275,Bob275,23,7
276,Bob276,83,10
277,Bob277,73,5
278,Bob278,69,12
279,Bob279,27,5
280,Bob280,79,8
281,Bob281,71,10
282,Bob282,58,3
283,Bob283,29,5
284,Bob284,39,9
285,Bob285,79,8
286,Bob286,81,5
287,Bob287,73,5
288,Bob288,79,12
289,Bob289,94,10
290,Bob290,37,3
291,Bob291,45,3
292,Bob292,42,8
293,Bob293,66,4
294,Bob294,37,10
295,Bob295,89,5
296,Bob296,64,11
297,Bob297,46,7
298,Bob298,79,10
299,Bob299,32,10
300,Bob300,74,12
301,Bob301,20,4
302,Bob302,69,8
303,Bob303,53,5
304,Bob304,97,5
305,Bob305,40,4
306,Bob306,75,8
307,Bob307,46,12
308,Bob308,82,6
309,Bob309,19,10
310,Bob310,38,3
311,Bob311,20,4
312,Bob312,76,9
313,Bob313,78,7
314,Bob314,94,9
315,Bob315,48,6
316,Bob316,47,8
317,Bob317,50,10
318,Bob318,60,10
319,Bob319,79,5
320,Bob320,62,7
321,Bob321,30,6
322,Bob322,60,10
323,Bob323,95,6
324,Bob324,30,4
325,Bob325,48,9
326,Bob326,28,10
327,Bob327,95,8
328,Bob328,84,7
329,Bob329,58,4
330,Bob330,75,5
331,Bob331,34,4
332,Bob332,75,9
333,Bob333,30,5
334,Bob334,42,6
335,Bob335,60,8
336,Bob336,75,7
337,Bob337,66,10
338,Bob338,94,10
339,Bob339,35,5
340,Bob340,66,6
341,Bob341,61,13
342,Bob342,43,8
343,Bob343,79,13
344,Bob344,94,9
345,Bob345,87,6
346,Bob346,42,4
347,Bob347,25,8
348,Bob348,65,10
349,Bob349,28,10
350,Bob350,51,5
351,Bob351,47,3
352,Bob352,59,6
353,Bob353,89,5
354,Bob354,67,8
355,Bob355,94,7
356,Bob356,51,11
357,Bob357,77,11
358,Bob358,55,6
359,Bob359,86,12
360,Bob360,78,8
361,Bob361,25,3
362,Bob362,62,5
363,Bob363,74,6
364,Bob364,37,8
365,Bob365,32,9
366,Bob366,27,5
367,Bob367,60,7
368,Bob368,83,10
369,Bob369,55,11
370,Bob370,32,2
371,Bob371,21,2
372,Bob372,69,4
373,Bob373,53,3
374,Bob374,68,9
375,Bob375,90,14
376,Bob376,71,12
377,Bob377,68,11
378,Bob378,93,11
379,Bob379,23,6
380,Bob380,77,11
381,Bob381,78,4
382,Bob382,86,6
383,Bob383,24,11
384,Bob384,39,4
385,Bob385,80,11
386,Bob386,42,6
387,Bob387,90,7
388,Bob388,91,7
389,Bob389,57,3
390,Bob390,54,10
391,Bob391,62,5
392,Bob392,94,9
393,Bob393,91,5
394,Bob394,90,8
395,Bob395,86,12
396,Bob396,91,10
397,Bob397,89,11
398,Bob398,24,9
399,Bob399,70,11
400,Bob400,42,6
401,Bob401,87,10
402,Bob402,84,7
403,Bob403,67,11
404,Bob404,73,8
405,Bob405,29,2
406,Bob406,49,7
407,Bob407,71,9
408,Bob408,55,11
409,Bob409,20,2
410,Bob410,42,6
411,Bob411,58,7
412,Bob412,51,12
413,Bob413,86,12
414,Bob414,38,10
415,Bob415,74,4
416,Bob416,49,12
417,Bob417,33,11
418,Bob418,97,12
419,Bob419,68,11
420,Bob420,52,6
421,Bob421,37,6
422,Bob422,90,7
423,Bob423,24,5
424,Bob424,36,2
425,Bob425,49,8
426,Bob426,95,12
427,Bob427,88,5
428,Bob428,74,12
429,Bob429,57,12
430,Bob430,66,13
431,Bob431,72,6
432,Bob432,47,12
433,Bob433,18,5
434,Bob434,23,10
435,Bob435,31,5
436,Bob436,48,6
437,Bob437,52,7
438,Bob438,51,12
439,Bob439,21,5
440,Bob440,44,10
441,Bob441,23,3
442,Bob442,94,13
443,Bob443,83,11
444,Bob444,35,6
445,Bob445,86,5
446,Bob446,97,14
447,Bob447,69,10
448,Bob448,40,12
449,Bob449,94,12
450,Bob450,40,7
451,Bob451,74,10
452,Bob452,48,9
453,Bob453,63,4
454,Bob454,33,9
455,Bob455,66,9
456,Bob456,33,7
457,Bob457,25,11
458,Bob458,59,7
459,Bob459,79,12
460,Bob460,51,8
461,Bob461,96,7
462,Bob462,87,13
463,Bob463,20,11
464,Bob464,34,10
465,Bob465,57,3
466,Bob466,26,2
467,Bob467,88,9
468,Bob468,41,3
469,Bob469,58,4
470,Bob470,56,11
471,Bob471,36,10
472,Bob472,87,13
473,Bob473,29,6
474,Bob474,26,4
475,Bob475,96,8
476,Bob476,78,11
477,Bob477,76,8
478,Bob478,41,6
479,Bob479,89,7
480,Bob480,62,4
481,Bob481,86,10
482,Bob482,32,2
483,Bob483,94,9
484,Bob484,94,14
485,Bob485,57,8
486,Bob486,29,5
487,Bob487,46,10
488,Bob488,51,9
489,Bob489,53,8
490,Bob490,79,13
491,Bob491,90,10
492,Bob492,55,4
493,Bob493,63,5
494,Bob494,73,11
495,Bob495,57,9
496,Bob496,67,9
497,Bob497,58,6
498,Bob498,61,8
499,Bob499,79,9
500,Bob500,52,3
501,Bob501,79,10
502,Bob502,34,10
503,Bob503,68,11
504,Bob504,89,14
505,Bob505,38,2
506,Bob506,47,3
507,Bob507,34,9
508,Bob508,18,2
509,Bob509,42,4
510,Bob510,92,13
511,Bob511,39,3
512,Bob512,50,9
513,Bob513,41,9
514,Bob514,71,10
515,Bob515,31,9
516,Bob516,46,12
517,Bob517,65,13
518,Bob518,92,11
519,Bob519,42,9
520,Bob520,44,10
521,Bob521,36,9
522,Bob522,60,8
523,Bob523,60,8
524,Bob524,20,8
525,Bob525,36,4
526,Bob526,39,6
527,Bob527,23,7
528,Bob528,66,7
529,Bob529,39,2
530,Bob530,65,5
531,Bob531,66,13
532,Bob532,65,8
533,Bob533,19,9
534,Bob534,64,10
535,Bob535,37,9
536,Bob536,64,8
537,Bob537,18,5
538,Bob538,59,6
539,Bob539,42,5
540,Bob540,49,9
541,Bob541,95,9
542,Bob542,60,12
543,Bob543,45,12
544,Bob544,68,7
545,Bob545,87,13
546,Bob546,63,6
547,Bob547,44,11
548,Bob548,96,12
549,Bob549,57,7
550,Bob550,48,8
551,Bob551,40,10
552,Bob552,42,10
553,Bob553,86,13
554,Bob554,80,5
555,Bob555,34,2
556,Bob556,76,7
557,Bob557,64,13
558,Bob558,33,4
559,Bob559,30,7
560,Bob560,63,9
561,Bob561,30,8
562,Bob562,53,8
563,Bob563,66,9
564,Bob564,32,2
565,Bob565,22,3
566,Bob566,34,10
567,Bob567,87,14
568,Bob568,94,14
569,Bob569,82,9
570,Bob570,32,8
571,Bob571,71,9
572,Bob572,26,11
573,Bob573,43,11
574,Bob574,72,7
575,Bob575,77,5
576,Bob576,53,10
577,Bob577,96,5
578,Bob578,86,7
579,Bob579,39,8
580,Bob580,21,7
581,Bob581,32,7
582,Bob582,24,9
583,Bob583,87,14
584,Bob584,79,5
585,Bob585,91,10
586,Bob586,29,4
587,Bob587,93,13
588,Bob588,30,6
589,Bob589,52,6
590,Bob590,55,5
591,Bob591,94,14
592,Bob592,26,3
593,Bob593,33,11
594,Bob594,72,5
595,Bob595,80,5
596,Bob596,65,8
597,Bob597,57,7
598,Bob598,88,10
599,Bob599,59,8
600,Bob600,82,8
601,Bob601,36,7
602,Bob602,61,7
603,Bob603,41,4
604,Bob604,60,9
605,Bob605,79,9
606,Bob606,80,6
607,Bob607,85,11
608,Bob608,67,10
609,Bob609,37,3
610,Bob610,94,8
611,Bob611,64,6
612,Bob612,59,11
613,Bob613,86,7
614,Bob614,68,7
615,Bob615,23,7
616,Bob616,90,13
617,Bob617,51,9
618,Bob618,66,13
619,Bob619,45,6
620,Bob620,42,11
621,Bob621,47,3
622,Bob622,89,12
623,Bob623,87,8
624,Bob624,84,7
625,Bob625,95,13
626,Bob626,28,9
627,Bob627,75,6
628,Bob628,37,3
629,Bob629,75,8
630,Bob630,50,9
631,Bob631,31,10
632,Bob632,92,7
633,Bob633,26,4
634,Bob634,82,12
635,Bob635,64,7
636,Bob636,89,14
637,Bob637,25,8
638,Bob638,36,4
639,Bob639,39,11
640,Bob640,32,7
641,Bob641,20,8
642,Bob642,38,7
643,Bob643,21,7
644,Bob644,20,7
645,Bob645,43,10
646,Bob646,53,4
647,Bob647,72,8
648,Bob648,91,14
649,Bob649,46,10
650,Bob650,63,4
651,Bob651,83,8
652,Bob652,64,8
653,Bob653,33,2
654,Bob654,39,4
655,Bob655,90,11
656,Bob656,91,12
657,Bob657,72,12
658,Bob658,96,14
659,Bob659,34,8
660,Bob660,27,7
661,Bob661,43,4
662,Bob662,32,6
663,Bob663,21,9
664,Bob664,44,10
665,Bob665,67,10
666,Bob666,31,11
667,Bob667,76,4
668,Bob668,65,4
669,Bob669,58,7
670,Bob670,21,3
671,Bob671,50,8
672,Bob672,90,7
673,Bob673,79,6
674,Bob674,46,3
675,Bob675,87,12
676,Bob676,30,5
677,Bob677,79,8
678,Bob678,73,6
679,Bob679,74,4
680,Bob680,83,11
681,Bob681,45,4
682,Bob682,68,9
683,Bob683,62,5
684,Bob684,48,8
685,Bob685,42,11
686,Bob686,66,7
687,Bob687,21,11
688,Bob688,97,7
689,Bob689,28,6
690,Bob690,37,10
691,Bob691,71,5
692,Bob692,18,4
693,Bob693,43,7
694,Bob694,35,6
695,Bob695,28,4
696,Bob696,82,5
697,Bob697,63,6
698,Bob698,20,7
699,Bob699,77,8
700,Bob700,50,9
701,Bob701,83,13
702,Bob702,97,14
703,Bob703,38,8
704,Bob704,83,9
705,Bob705,69,13
706,Bob706,87,5
707,Bob707,39,7
708,Bob708,27,9
709,Bob709,67,7
710,Bob710,50,6
711,Bob711,30,6
712,Bob712,80,13
713,Bob713,30,10
714,Bob714,65,13
715,Bob715,77,6
716,Bob716,26,8
717,Bob717,90,13
718,Bob718,56,6
719,Bob719,90,6
720,Bob720,85,11
721,Bob721,44,12
722,Bob722,25,9
723,Bob723,89,14
724,Bob724,28,11
725,Bob725,90,11
726,Bob726,41,5
727,Bob727,20,2
728,Bob728,47,5
729,Bob729,94,8
730,Bob730,65,8
731,Bob731,67,12
732,Bob732,77,12
733,Bob733,35,11
734,Bob734,90,9
735,Bob735,20,9
736,Bob736,26,4
737,Bob737,86,13
738,Bob738,31,7
739,Bob739,51,11
740,Bob740,58,6
741,Bob741,37,5
742,Bob742,94,8
743,Bob743,34,11
744,Bob744,51,11
745,Bob745,35,6
746,Bob746,87,12
747,Bob747,34,8
748,Bob748,95,8
749,Bob749,49,7
750,Bob750,43,4
751,Bob751,72,10
752,Bob752,23,2
753,Bob753,86,10
754,Bob754,29,5
755,Bob755,57,6
756,Bob756,72,5
757,Bob757,24,3
758,Bob758,36,7
759,Bob759,45,3
760,Bob760,65,5
761,Bob761,96,6
762,Bob762,55,11
763,Bob763,63,9
764,Bob764,35,11
765,Bob765,42,6
766,Bob766,95,12
767,Bob767,74,7
768,Bob768,95,13
769,Bob769,81,7
770,Bob770,55,5
771,Bob771,45,7
772,Bob772,59,4
773,Bob773,87,5
774,Bob774,47,5
775,Bob775,40,6
776,Bob776,61,12
777,Bob777,26,6
778,Bob778,68,5
779,Bob779,76,10
780,Bob780,29,11
781,Bob781,96,7
782,Bob782,41,12
783,Bob783,31,11
784,Bob784,23,3
785,Bob785,28,9
786,Bob786,18,10
787,Bob787,37,4
788,Bob788,70,8
789,Bob789,53,7
790,Bob790,35,4
791,Bob791,55,10
792,Bob792,26,3
793,Bob793,86,7
794,Bob794,68,9
795,Bob795,79,13
796,Bob796,82,12
797,Bob797,24,7
798,Bob798,63,5
799,Bob799,74,6
800,Bob800,18,2
801,Bob801,41,6
802,Bob802,32,7
803,Bob803,52,7
804,Bob804,62,6
805,Bob805,40,12
806,Bob806,68,5
807,Bob807,31,11
808,Bob808,61,9
809,Bob809,69,11
810,Bob810,26,4
811,Bob811,91,14
812,Bob812,22,9
813,Bob813,21,2
814,Bob814,68,4
815,Bob815,63,7
816,Bob816,53,7
817,Bob817,28,8
818,Bob818,86,14
819,Bob819,78,10
820,Bob820,39,3
821,Bob821,34,9
822,Bob822,54,4
823,Bob823,34,2
824,Bob824,73,12
825,Bob825,78,7
826,Bob826,58,4
827,Bob827,53,4
828,Bob828,60,8
829,Bob829,29,6
830,Bob830,92,6
831,Bob831,34,5
832,Bob832,36,10
833,Bob833,59,9
834,Bob834,73,5
835,Bob835,24,3
836,Bob836,51,5
837,Bob837,39,3
838,Bob838,45,10
839,Bob839,22,8
840,Bob840,50,5
841,Bob841,67,4
842,Bob842,24,9
843,Bob843,48,5
844,Bob844,73,4
845,Bob845,18,8
846,Bob846,27,3
847,Bob847,24,4
848,Bob848,50,12
849,Bob849,88,8
850,Bob850,59,5
851,Bob851,37,10
852,Bob852,57,8
853,Bob853,29,4
854,Bob854,61,9
855,Bob855,95,8
856,Bob856,94,11
857,Bob857,58,3
858,Bob858,88,13
859,Bob859,96,6
860,Bob860,96,11
861,Bob861,57,10
862,Bob862,37,5
863,Bob863,20,9
864,Bob864,83,8
865,Bob865,56,7
866,Bob866,18,1
867,Bob867,73,12
868,Bob868,27,4
869,Bob869,86,11
870,Bob870,26,8
871,Bob871,95,7
872,Bob872,94,13
873,Bob873,37,6
874,Bob874,62,7
875,Bob875,25,4
876,Bob876,86,6
877,Bob877,70,11
878,Bob878,31,7
879,Bob879,26,9
880,Bob880,28,7
881,Bob881,79,11
882,Bob882,96,10
883,Bob883,57,11
884,Bob884,45,12
885,Bob885,72,11
886,Bob886,56,10
887,Bob887,44,4
888,Bob888,73,5
889,Bob889,72,7
890,Bob890,62,10
891,Bob891,48,4
892,Bob892,46,12
893,Bob893,76,11
894,Bob894,91,9
895,Bob895,63,10
896,Bob896,33,5
897,Bob897,65,4
898,Bob898,59,4
899,Bob899,71,8
900,Bob900,68,10
901,Bob901,21,5
902,Bob902,27,8
903,Bob903,90,9
904,Bob904,64,6
905,Bob905,89,8
906,Bob906,28,10
907,Bob907,24,7
908,Bob908,93,13
909,Bob909,65,6
910,Bob910,62,9
911,Bob911,86,6
912,Bob912,85,8
913,Bob913,65,4
914,Bob914,85,14
915,Bob915,89,11
916,Bob916,52,6
917,Bob917,65,12
918,Bob918,39,10
919,Bob919,59,4
920,Bob920,58,8
921,Bob921,42,7
922,Bob922,28,7
923,Bob923,53,12
924,Bob924,22,7
925,Bob925,87,13
926,Bob926,28,3
927,Bob927,35,7
928,Bob928,92,12
929,Bob929,36,7
930,Bob930,20,5
931,Bob931,35,9
932,Bob932,80,9
933,Bob933,66,5
934,Bob934,65,11
935,Bob935,37,11
936,Bob936,57,3
937,Bob937,32,4
938,Bob938,50,10
939,Bob939,27,8
940,Bob940,94,7
941,Bob941,67,5
942,Bob942,57,4
943,Bob943,26,7
944,Bob944,91,8
945,Bob945,46,9
946,Bob946,26,11
947,Bob947,55,3
948,Bob948,77,6
949,Bob949,90,9
950,Bob950,75,9
951,Bob951,91,14
952,Bob952,33,4
953,Bob953,47,10
954,Bob954,66,13
955,Bob955,79,10
956,Bob956,56,12
957,Bob957,72,5
958,Bob958,73,7
959,Bob959,64,12
960,Bob960,86,9
961,Bob961,35,9
962,Bob962,29,3
963,Bob963,59,9
964,Bob964,78,13
965,Bob965,62,12
966,Bob966,90,7
967,Bob967,97,13
968,Bob968,55,6
969,Bob969,43,11
970,Bob970,96,6
971,Bob971,68,12
972,Bob972,73,10
973,Bob973,60,4
974,Bob974,81,7
975,Bob975,88,11
976,Bob976,64,6
977,Bob977,55,3
978,Bob978,48,4
979,Bob979,50,7
980,Bob980,56,6
981,Bob981,18,10
982,Bob982,82,13
983,Bob983,44,7
984,Bob984,78,13
985,Bob985,39,11
986,Bob986,96,12
987,Bob987,30,5
988,Bob988,21,3
989,Bob989,33,5
990,Bob990,51,12
991,Bob991,22,3
992,Bob992,78,13
993,Bob993,45,8
994,Bob994,54,7
995,Bob995,97,5
996,Bob996,30,11
997,Bob997,90,14
998,Bob998,24,2
999,Bob999,31,4
1000,Bob1000,75,12
1001,Bob1001,72,8
1002,Bob1002,70,7
1003,Bob1003,66,13
1004,Bob1004,63,6
1005,Bob1005,60,9
1006,Bob1006,36,7
1007,Bob1007,47,3
1008,Bob1008,35,3
1009,Bob1009,74,12
1010,Bob1010,69,4
1011,Bob1011,59,3
1012,Bob1012,53,5
1013,Bob1013,89,10
1014,Bob1014,30,8
1015,Bob1015,78,13
1016,Bob1016,82,13
1017,Bob1017,18,7
1018,Bob1018,39,3
1019,Bob1019,19,2
1020,Bob1020,27,7
1021,Bob1021,65,4
1022,Bob1022,73,7
1023,Bob1023,53,5
1024,Bob1024,84,13
1025,Bob1025,18,7
1026,Bob1026,64,8
1027,Bob1027,84,6
1028,Bob1028,32,8
1029,Bob1029,52,6
1030,Bob1030,73,5
1031,Bob1031,77,5
1032,Bob1032,22,7
1033,Bob1033,25,5
1034,Bob1034,21,4
1035,Bob1035,85,11
1036,Bob1036,46,8
1037,Bob1037,36,6
1038,Bob1038,52,4
1039,Bob1039,62,12
1040,Bob1040,36,9
1041,Bob1041,25,9
1042,Bob1042,59,6
1043,Bob1043,96,10
1044,Bob1044,20,2
1045,Bob1045,95,14
1046,Bob1046,46,9
1047,Bob1047,33,11
1048,Bob1048,91,11
1049,Bob1049,81,9
1050,Bob1050,69,6
1051,Bob1051,60,7
1052,Bob1052,92,7
1053,Bob1053,56,8
1054,Bob1054,59,3
1055,Bob1055,30,11
1056,Bob1056,72,8
1057,Bob1057,50,5
1058,Bob1058,57,3
1059,Bob1059,83,9
1060,Bob1060,68,8
1061,Bob1061,46,4
1062,Bob1062,79,6
1063,Bob1063,93,9
1064,Bob1064,87,8
1065,Bob1065,29,7
1066,Bob1066,44,3
1067,Bob1067,45,9
1068,Bob1068,56,5
1069,Bob1069,34,9
1070,Bob1070,96,5
1071,Bob1071,88,8
1072,Bob1072,51,12
1073,Bob1073,50,12
1074,Bob1074,48,9
1075,Bob1075,82,7
1076,Bob1076,53,9
1077,Bob1077,53,3
1078,Bob1078,34,6
1079,Bob1079,69,13
1080,Bob1080,91,7
1081,Bob1081,66,10
1082,Bob1082,92,8
1083,Bob1083,43,7
1084,Bob1084,87,11
1085,Bob1085,38,7
1086,Bob1086,89,6
1087,Bob1087,95,13
1088,Bob1088,58,11
1089,Bob1089,29,8
1090,Bob1090,83,12
1091,Bob1091,32,10
1092,Bob1092,90,8
1093,Bob1093,71,6
1094,Bob1094,25,6
1095,Bob1095,62,4
1096,Bob1096,93,8
1097,Bob1097,20,9
1098,Bob1098,74,8
1099,Bob1099,58,5
1100,Bob1100,44,6
1101,Bob1101,72,7
1102,Bob1102,88,8
1103,Bob1103,90,10
1104,Bob1104,49,8
1105,Bob1105,39,10
1106,Bob1106,38,8
1107,Bob1107,50,10
1108,Bob1108,88,8
1109,Bob1109,89,12
1110,Bob1110,26,5
1111,Bob1111,59,10
1112,Bob1112,65,12
1113,Bob1113,23,2
1114,Bob1114,75,12
1115,Bob1115,47,3
1116,Bob1116,44,12
1117,Bob1117,27,6
1118,Bob1118,67,10
1119,Bob1119,42,5
1120,Bob1120,91,6
1121,Bob1121,36,7
1122,Bob1122,29,8
1123,Bob1123,91,11
1124,Bob1124,19,2
1125,Bob1125,63,4
1126,Bob1126,71,10
1127,Bob1127,32,2
1128,Bob1128,58,11
1129,Bob1129,78,12
1130,Bob1130,49,7
1131,Bob1131,29,10
1132,Bob1132,90,6
1133,Bob1133,53,9
1134,Bob1134,60,5
1135,Bob1135,21,11
1136,Bob1136,44,9
1137,Bob1137,23,7
1138,Bob1138,28,6
1139,Bob1139,31,7
1140,Bob1140,30,2
1141,Bob1141,93,10
1142,Bob1142,54,3
1143,Bob1143,66,8
1144,Bob1144,61,7
1145,Bob1145,94,7
1146,Bob1146,34,2
1147,Bob1147,72,9
1148,Bob1148,91,14
1149,Bob1149,40,12
1150,Bob1150,89,9
1151,Bob1151,94,13
1152,Bob1152,57,3
1153,Bob1153,69,8
1154,Bob1154,87,10
1155,Bob1155,34,3
1156,Bob1156,93,10
1157,Bob1157,86,11
1158,Bob1158,42,5
1159,Bob1159,83,14
1160,Bob1160,61,13
1161,Bob1161,44,7
1162,Bob1162,96,8
1163,Bob1163,52,10
1164,Bob1164,18,4
1165,Bob1165,40,5
1166,Bob1166,45,3
1167,Bob1167,25,6
1168,Bob1168,70,7
1169,Bob1169,82,12
1170,Bob1170,82,13
1171,Bob1171,72,5
1172,Bob1172,69,11
1173,Bob1173,79,13
1174,Bob1174,54,3
1175,Bob1175,89,12
1176,Bob1176,95,5
1177,Bob1177,57,6
1178,Bob1178,97,13
1179,Bob1179,38,6
1180,Bob1180,52,7
1181,Bob1181,27,2
1182,Bob1182,75,8
1183,Bob1183,91,13
1184,Bob1184,86,6
1185,Bob1185,34,6
1186,Bob1186,33,11
1187,Bob1187,54,8
1188,Bob1188,58,7
1189,Bob1189,76,13
1190,Bob1190,48,4
1191,Bob1191,39,9
1192,Bob1192,39,2
1193,Bob1193,44,9
1194,Bob1194,71,7
1195,Bob1195,97,9
1196,Bob1196,36,6
1197,Bob1197,84,13
1198,Bob1198,57,3
1199,Bob1199,23,5
1200,Bob1200,30,8
1201,Bob1201,88,6
1202,Bob1202,88,10
1203,Bob1203,31,10
1204,Bob1204,63,7
1205,Bob1205,97,10
1206,Bob1206,27,6
1207,Bob1207,18,7
1208,Bob1208,39,6
1209,Bob1209,87,5
1210,Bob1210,56,9
1211,Bob1211,57,12
1212,Bob1212,55,10
1213,Bob1213,86,10
1214,Bob1214,58,12
1215,Bob1215,81,6
1216,Bob1216,65,6
1217,Bob1217,26,9
1218,Bob1218,43,4
1219,Bob1219,72,5
1220,Bob1220,25,10
1221,Bob1221,66,11
1222,Bob1222,26,8
1223,Bob1223,93,5
1224,Bob1224,22,4
1225,Bob1225,31,7
1226,Bob1226,71,8
1227,Bob1227,51,12
1228,Bob1228,49,10
1229,Bob1229,86,7
1230,Bob1230,50,6
1231,Bob1231,78,7
1232,Bob1232,67,12
1233,Bob1233,42,9
1234,Bob1234,31,9
1235,Bob1235,19,3
1236,Bob1236,59,10
1237,Bob1237,50,6
1238,Bob1238,51,11
1239,Bob1239,60,8
1240,Bob1240,86,9
1241,Bob1241,56,8
1242,Bob1242,87,12
1243,Bob1243,66,7
1244,Bob1244,69,12
1245,Bob1245,71,4
1246,Bob1246,68,12
1247,Bob1247,80,5
1248,Bob1248,90,9
1249,Bob1249,44,7
1250,Bob1250,86,10
1251,Bob1251,86,11
1252,Bob1252,90,11
1253,Bob1253,70,11
1254,Bob1254,73,6
1255,Bob1255,19,10
1256,Bob1256,27,10
1257,Bob1257,86,11
1258,Bob1258,62,4
1259,Bob1259,90,11
1260,Bob1260,87,14
1261,Bob1261,95,7
1262,Bob1262,22,9
1263,Bob1263,45,3
1264,Bob1264,87,13
1265,Bob1265,22,2
1266,Bob1266,69,12
1267,Bob1267,37,2
1268,Bob1268,25,4
1269,Bob1269,50,4
1270,Bob1270,48,12
1271,Bob1271,55,11
1272,Bob1272,90,13
1273,Bob1273,93,12
1274,Bob1274,95,13
1275,Bob1275,31,2
1276,Bob1276,76,13
1277,Bob1277,32,3
1278,Bob1278,43,8
1279,Bob1279,73,6
1280,Bob1280,49,8
1281,Bob1281,42,7
1282,Bob1282,32,8
1283,Bob1283,66,10
1284,Bob1284,45,10
1285,Bob1285,58,6
1286,Bob1286,76,13
1287,Bob1287,91,13
1288,Bob1288,39,9
1289,Bob1289,96,14
1290,Bob1290,30,3
1291,Bob1291,38,6
1292,Bob1292,40,9
1293,Bob1293,95,13
1294,Bob1294,39,2
1295,Bob1295,22,11
1296,Bob1296,26,9
1297,Bob1297,30,10
1298,Bob1298,91,13
1299,Bob1299,83,14
1300,Bob1300,57,10
1301,Bob1301,65,12
1302,Bob1302,65,10
1303,Bob1303,67,13
1304,Bob1304,37,10
1305,Bob1305,20,3
1306,Bob1306,46,11
1307,Bob1307,66,12
1308,Bob1308,78,9
1309,Bob1309,96,5
1310,Bob1310,94,11
1311,Bob1311,58,8
1312,Bob1312,70,8
1313,Bob1313,83,6
1314,Bob1314,91,8
1315,Bob1315,27,6
1316,Bob1316,82,11
1317,Bob1317,45,4
1318,Bob1318,67,6
1319,Bob1319,68,8
1320,Bob1320,41,4
1321,Bob1321,29,3
1322,Bob1322,37,10
1323,Bob1323,39,11
1324,Bob1324,34,6
1325,Bob1325,55,5
1326,Bob1326,36,5
1327,Bob1327,24,3
1328,Bob1328,42,5
1329,Bob1329,32,3
1330,Bob1330,34,7
1331,Bob1331,94,5
1332,Bob1332,59,11
1333,Bob1333,96,7
1334,Bob1334,70,13
1335,Bob1335,33,9
1336,Bob1336,86,5
1337,Bob1337,46,3
1338,Bob1338,38,10
1339,Bob1339,89,5
1340,Bob1340,57,3
1341,Bob1341,55,4
1342,Bob1342,45,9
1343,Bob1343,85,13
1344,Bob1344,41,12
1345,Bob1345,72,10
1346,Bob1346,38,7
1347,Bob1347,97,8
1348,Bob1348,57,8
1349,Bob1349,47,4
1350,Bob1350,62,12
1351,Bob1351,62,11
1352,Bob1352,96,8
1353,Bob1353,61,9
1354,Bob1354,37,3
1355,Bob1355,93,14
1356,Bob1356,23,9
1357,Bob1357,38,5
1358,Bob1358,93,13
1359,Bob1359,84,14
1360,Bob1360,56,12
1361,Bob1361,62,10
1362,Bob1362,41,10
1363,Bob1363,71,9
1364,Bob1364,32,5
1365,Bob1365,77,8
1366,Bob1366,31,11
1367,Bob1367,47,8
1368,Bob1368,29,9
1369,Bob1369,92,11
1370,Bob1370,54,5
1371,Bob1371,38,7
1372,Bob1372,47,3
1373,Bob1373,22,8
1374,Bob1374,88,10
1375,Bob1375,41,5
1376,Bob1376,59,9
1377,Bob1377,87,9
1378,Bob1378,32,5
1379,Bob1379,52,5
1380,Bob1380,51,10
1381,Bob1381,96,5
1382,Bob1382,93,14
1383,Bob1383,73,13
1384,Bob1384,94,11
1385,Bob1385,80,6
1386,Bob1386,93,11
1387,Bob1387,73,7
1388,Bob1388,86,11
1389,Bob1389,27,7
1390,Bob1390,18,10
1391,Bob1391,72,11
1392,Bob1392,21,7
1393,Bob1393,55,10
1394,Bob1394,96,14
1395,Bob1395,93,12
1396,Bob1396,22,5
1397,Bob1397,42,10
1398,Bob1398,60,13
1399,Bob1399,47,9
1400,Bob1400,58,4
1401,Bob1401,77,4
1402,Bob1402,30,7
1403,Bob1403,88,11
1404,Bob1404,95,6
1405,Bob1405,43,11
1406,Bob1406,79,8
1407,Bob1407,37,10
1408,Bob1408,58,9
1409,Bob1409,50,9
1410,Bob1410,75,13
1411,Bob1411,68,4
1412,Bob1412,30,9
1413,Bob1413,64,5
1414,Bob1414,80,10
1415,Bob1415,21,3
1416,Bob1416,18,7
1417,Bob1417,86,10
1418,Bob1418,61,12
1419,Bob1419,73,9
1420,Bob1420,63,13
1421,Bob1421,40,11
1422,Bob1422,35,11
1423,Bob1423,37,6
1424,Bob1424,31,9
1425,Bob1425,75,9
1426,Bob1426,87,9
1427,Bob1427,79,11
1428,Bob1428,63,8
1429,Bob1429,85,12
1430,Bob1430,77,6
1431,Bob1431,47,12
1432,Bob1432,93,10
1433,Bob1433,97,6
1434,Bob1434,46,7
1435,Bob1435,95,9
1436,Bob1436,26,9
1437,Bob1437,39,7
1438,Bob1438,82,8
1439,Bob1439,59,6
1440,Bob1440,88,11
1441,Bob1441,71,4
1442,Bob1442,54,9
1443,Bob1443,82,12
1444,Bob1444,60,10
1445,Bob1445,63,9
1446,Bob1446,55,3
1447,Bob1447,66,8
1448,Bob1448,93,12
1449,Bob1449,64,13
1450,Bob1450,37,11
1451,Bob1451,47,8
1452,Bob1452,18,2
1453,Bob1453,60,9
1454,Bob1454,97,13
1455,Bob1455,92,10
1456,Bob1456,40,4
1457,Bob1457,42,4
1458,Bob1458,62,10
1459,Bob1459,31,9
1460,Bob1460,74,8
1461,Bob1461,96,12
1462,Bob1462,83,8
1463,Bob1463,33,11
1464,Bob1464,86,12
1465,Bob1465,71,9
1466,Bob1466,38,4
1467,Bob1467,44,12
1468,Bob1468,62,9
1469,Bob1469,43,5
1470,Bob1470,50,5
1471,Bob1471,91,12
1472,Bob1472,68,9
1473,Bob1473,24,5
1474,Bob1474,34,3
1475,Bob1475,60,10
1476,Bob1476,76,13
1477,Bob1477,93,14
1478,Bob1478,83,11
1479,Bob1479,33,9
1480,Bob1480,93,10
1481,Bob1481,44,11
1482,Bob1482,37,7
1483,Bob1483,42,8
1484,Bob1484,80,10
1485,Bob1485,24,6
1486,Bob1486,26,9
1487,Bob1487,60,6
1488,Bob1488,47,5
1489,Bob1489,69,11
1490,Bob1490,37,6
1491,Bob1491,60,9
1492,Bob1492,22,11
1493,Bob1493,26,6
1494,Bob1494,28,8
1495,Bob1495,36,4
1496,Bob1496,85,7
1497,Bob1497,50,8
1498,Bob1498,38,5
1499,Bob1499,29,6
1500,Bob1500,44,4
1501,Bob1501,22,8
1502,Bob1502,30,6
1503,Bob1503,51,10
1504,Bob1504,45,11
1505,Bob1505,36,6
1506,Bob1506,29,8
1507,Bob1507,52,9
1508,Bob1508,78,6
1509,Bob1509,27,6
1510,Bob1510,51,4
1511,Bob1511,96,8
1512,Bob1512,67,12
1513,Bob1513,60,13
1514,Bob1514,62,8
1515,Bob1515,42,4
1516,Bob1516,39,11
1517,Bob1517,26,3
1518,Bob1518,64,10
1519,Bob1519,52,10
1520,Bob1520,20,3
1521,Bob1521,58,6
1522,Bob1522,61,7
1523,Bob1523,55,9
1524,Bob1524,37,5
1525,Bob1525,67,13
1526,Bob1526,42,3
1527,Bob1527,56,4
1528,Bob1528,59,5
1529,Bob1529,47,5
1530,Bob1530,63,8
1531,Bob1531,83,5
1532,Bob1532,21,3
1533,Bob1533,40,6
1534,Bob1534,37,11
1535,Bob1535,52,11
1536,Bob1536,53,12
1537,Bob1537,59,11
1538,Bob1538,57,7
1539,Bob1539,41,12
1540,Bob1540,34,6
1541,Bob1541,71,6
1542,Bob1542,38,2
1543,Bob1543,65,4
1544,Bob1544,32,10
1545,Bob1545,47,11
1546,Bob1546,30,8
1547,Bob1547,31,5
1548,Bob1548,41,5
1549,Bob1549,51,7
1550,Bob1550,50,6
1551,Bob1551,54,3
1552,Bob1552,55,4
1553,Bob1553,90,8
1554,Bob1554,84,9
1555,Bob1555,78,6
1556,Bob1556,87,10
1557,Bob1557,75,5
1558,Bob1558,92,7
1559,Bob1559,77,7
1560,Bob1560,71,9
1561,Bob1561,79,9
1562,Bob1562,31,6
1563,Bob1563,31,7
1564,Bob1564,87,13
1565,Bob1565,81,11
1566,Bob1566,73,7
1567,Bob1567,31,10
1568,Bob1568,60,11
1569,Bob1569,45,9
1570,Bob1570,84,7
1571,Bob1571,90,9
1572,Bob1572,72,10
1573,Bob1573,67,11
1574,Bob1574,78,9
1575,Bob1575,66,11
1576,Bob1576,19,1
1577,Bob1577,36,8
1578,Bob1578,71,5
1579,Bob1579,57,11
1580,Bob1580,20,3
1581,Bob1581,20,3
1582,Bob1582,80,6
1583,Bob1583,97,12
1584,Bob1584,40,12
1585,Bob1585,54,12
1586,Bob1586,92,8
1587,Bob1587,18,8
1588,Bob1588,58,6
1589,Bob1589,51,5
1590,Bob1590,82,5
1591,Bob1591,36,4
1592,Bob1592,24,5
1593,Bob1593,51,4
1594,Bob1594,40,10
1595,Bob1595,48,3
1596,Bob1596,52,5
1597,Bob1597,49,3
1598,Bob1598,25,4
1599,Bob1599,50,11
1600,Bob1600,96,12
1601,Bob1601,58,9
1602,Bob1602,96,10
1603,Bob1603,57,11
1604,Bob1604,48,3
1605,Bob1605,46,11
1606,Bob1606,58,6
1607,Bob1607,37,11
1608,Bob1608,59,11
1609,Bob1609,77,12
1610,Bob1610,88,13
1611,Bob1611,56,8
1612,Bob1612,74,8
1613,Bob1613,75,5
1614,Bob1614,26,5
1615,Bob1615,85,13
1616,Bob1616,87,12
1617,Bob1617,93,8
1618,Bob1618,84,14
1619,Bob1619,84,11
1620,Bob1620,31,2
1621,Bob1621,41,12
1622,Bob1622,28,9
1623,Bob1623,75,7
1624,Bob1624,96,13
1625,Bob1625,73,6
1626,Bob1626,57,4
1627,Bob1627,38,8
1628,Bob1628,43,6
1629,Bob1629,88,10
1630,Bob1630,37,8
1631,Bob1631,31,9
1632,Bob1632,66,10
1633,Bob1633,83,6
1634,Bob1634,28,10
1635,Bob1635,86,9
1636,Bob1636,75,7
1637,Bob1637,88,8
1638,Bob1638,42,4
1639,Bob1639,41,4
1640,Bob1640,26,10
1641,Bob1641,26,5
1642,Bob1642,48,7
1643,Bob1643,44,11
1644,Bob1644,58,5
1645,Bob1645,58,3
1646,Bob1646,32,2
1647,Bob1647,19,3
1648,Bob1648,53,8
1649,Bob1649,79,6
1650,Bob1650,44,8
1651,Bob1651,67,4
1652,Bob1652,39,3
1653,Bob1653,63,7
1654,Bob1654,42,7
1655,Bob1655,36,3
1656,Bob1656,94,9
1657,Bob1657,35,7
1658,Bob1658,82,13
1659,Bob1659,97,11
1660,Bob1660,92,10
1661,Bob1661,38,10
1662,Bob1662,93,12
1663,Bob1663,85,13
1664,Bob1664,35,6
1665,Bob1665,70,9
1666,Bob1666,56,8
1667,Bob1667,79,11
1668,Bob1668,23,6
1669,Bob1669,81,13
1670,Bob1670,79,7
1671,Bob1671,62,8
1672,Bob1672,63,11
1673,Bob1673,89,10
1674,Bob1674,81,12
1675,Bob1675,38,4
1676,Bob1676,84,8
1677,Bob1677,80,13
1678,Bob1678,34,3
1679,Bob1679,25,3
1680,Bob1680,96,14
1681,Bob1681,44,7
1682,Bob1682,20,2
1683,Bob1683,30,6
1684,Bob1684,64,4
1685,Bob1685,35,4
1686,Bob1686,92,11
1687,Bob1687,45,4
1688,Bob1688,50,8
1689,Bob1689,32,5
1690,Bob1690,19,9
1691,Bob1691,65,11
1692,Bob1692,71,10
1693,Bob1693,44,4
1694,Bob1694,82,13
1695,Bob1695,68,5
1696,Bob1696,34,2
1697,Bob1697,37,3
1698,Bob1698,52,6
1699,Bob1699,53,4
1700,Bob1700,54,9
1701,Bob1701,89,9
1702,Bob1702,39,6
1703,Bob1703,69,8
1704,Bob1704,91,12
1705,Bob1705,43,12
1706,Bob1706,75,10
1707,Bob1707,37,8
1708,Bob1708,89,8
1709,Bob1709,29,10
1710,Bob1710,96,13
1711,Bob1711,89,6
1712,Bob1712,58,11
1713,Bob1713,52,3
1714,Bob1714,44,8
1715,Bob1715,55,6
1716,Bob1716,44,11
1717,Bob1717,55,6
1718,Bob1718,19,7
1719,Bob1719,72,12
1720,Bob1720,45,12
1721,Bob1721,80,5
1722,Bob1722,44,12
1723,Bob1723,86,14
1724,Bob1724,92,12
1725,Bob1725,24,8
1726,Bob1726,18,7
1727,Bob1727,44,6
1728,Bob1728,30,7
1729,Bob1729,46,12
1730,Bob1730,32,11
1731,Bob1731,41,6
1732,Bob1732,55,3
1733,Bob1733,65,12
1734,Bob1734,67,7
1735,Bob1735,76,9
1736,Bob1736,28,6
1737,Bob1737,97,13
1738,Bob1738,76,12
1739,Bob1739,24,5
1740,Bob1740,55,9
1741,Bob1741,49,11
1742,Bob1742,75,6
1743,Bob1743,65,7
1744,Bob1744,82,11
1745,Bob1745,55,12
1746,Bob1746,84,11
1747,Bob1747,61,9
1748,Bob1748,26,8
1749,Bob1749,74,7
1750,Bob1750,61,8
1751,Bob1751,36,8
1752,Bob1752,93,8
1753,Bob1753,67,5
1754,Bob1754,78,12
1755,Bob1755,64,13
1756,Bob1756,60,6
1757,Bob1757,60,5
1758,Bob1758,63,9
1759,Bob1759,61,7
1760,Bob1760,57,10
1761,Bob1761,35,7
1762,Bob1762,28,3
1763,Bob1763,41,9
1764,Bob1764,26,4
1765,Bob1765,39,2
1766,Bob1766,36,4
1767,Bob1767,69,4
1768,Bob1768,19,3
1769,Bob1769,73,13
1770,Bob1770,69,8
1771,Bob1771,65,8
1772,Bob1772,31,8
1773,Bob1773,61,6
1774,Bob1774,34,10
1775,Bob1775,67,13
1776,Bob1776,72,12
1777,Bob1777,38,3
1778,Bob1778,93,14
1779,Bob1779,49,12
1780,Bob1780,90,13
1781,Bob1781,44,10
1782,Bob1782,60,11
1783,Bob1783,49,7
1784,Bob1784,83,10
1785,Bob1785,41,12
1786,Bob1786,71,13
1787,Bob1787,96,9
1788,Bob1788,85,8
1789,Bob1789,39,2
1790,Bob1790,71,6
1791,Bob1791,40,8
1792,Bob1792,66,8
1793,Bob1793,67,5
1794,Bob1794,89,5
1795,Bob1795,87,13
1796,Bob1796,31,9
1797,Bob1797,77,5
1798,Bob1798,25,8
1799,Bob1799,62,7
1800,Bob1800,33,11
1801,Bob1801,85,14
1802,Bob1802,71,6
1803,Bob1803,31,3
1804,Bob1804,34,7
1805,Bob1805,79,12
1806,Bob1806,68,8
1807,Bob1807,94,10
1808,Bob1808,76,11
1809,Bob1809,63,7
1810,Bob1810,85,6
1811,Bob1811,81,11
1812,Bob1812,76,5
1813,Bob1813,45,8
1814,Bob1814,95,11
1815,Bob1815,96,10
1816,Bob1816,48,11
1817,Bob1817,50,8
1818,Bob1818,89,6
1819,Bob1819,84,12
1820,Bob1820,25,9
1821,Bob1821,25,9
1822,Bob1822,76,4
1823,Bob1823,43,4
1824,Bob1824,73,4
1825,Bob1825,30,3
1826,Bob1826,53,12
1827,Bob1827,34,8
1828,Bob1828,22,8
1829,Bob1829,34,10
1830,Bob1830,50,10
1831,Bob1831,73,12
1832,Bob1832,85,9
1833,Bob1833,52,5
1834,Bob1834,80,8
1835,Bob1835,18,5
1836,Bob1836,63,7
1837,Bob1837,89,5
1838,Bob1838,83,8
1839,Bob1839,82,5
1840,Bob1840,46,8
1841,Bob1841,84,9
1842,Bob1842,94,7
1843,Bob1843,78,9
1844,Bob1844,32,8
1845,Bob1845,78,6
1846,Bob1846,54,8
1847,Bob1847,95,14
1848,Bob1848,83,8
1849,Bob1849,47,7
1850,Bob1850,66,5
1851,Bob1851,30,7
1852,Bob1852,39,4
1853,Bob1853,66,6
1854,Bob1854,61,12
1855,Bob1855,56,5
1856,Bob1856,31,4
1857,Bob1857,69,6
1858,Bob1858,82,8
1859,Bob1859,90,13
1860,Bob1860,47,6
1861,Bob1861,38,8
1862,Bob1862,95,12
1863,Bob1863,21,6
1864,Bob1864,78,13
1865,Bob1865,38,5
1866,Bob1866,82,5
1867,Bob1867,91,8
1868,Bob1868,85,13
1869,Bob1869,89,10
1870,Bob1870,30,10
1871,Bob1871,63,5
1872,Bob1872,79,13
1873,Bob1873,20,10
1874,Bob1874,87,14
1875,Bob1875,89,10
1876,Bob1876,23,4
1877,Bob1877,29,9
1878,Bob1878,65,13
1879,Bob1879,47,4
1880,Bob1880,28,2
1881,Bob1881,62,10
1882,Bob1882,36,11
1883,Bob1883,61,6
1884,Bob1884,79,12
1885,Bob1885,18,10
1886,Bob1886,90,11
1887,Bob1887,61,12
1888,Bob1888,34,11
1889,Bob1889,38,6
1890,Bob1890,79,7
1891,Bob1891,79,4
1892,Bob1892,91,14
1893,Bob1893,57,10
1894,Bob1894,96,7
1895,Bob1895,50,11
1896,Bob1896,30,5
1897,Bob1897,27,3
1898,Bob1898,76,10
1899,Bob1899,72,11
1900,Bob1900,54,6
1901,Bob1901,49,12
1902,Bob1902,37,10
1903,Bob1903,86,11
1904,Bob1904,77,12
1905,Bob1905,47,9
1906,Bob1906,80,13
1907,Bob1907,65,12
1908,Bob1908,47,3
1909,Bob1909,60,6
1910,Bob1910,32,11
1911,Bob1911,65,4
1912,Bob1912,27,8
1913,Bob1913,33,8
1914,Bob1914,30,6
1915,Bob1915,65,10
1916,Bob1916,49,6
1917,Bob1917,42,12
1918,Bob1918,68,13
1919,Bob1919,60,5
1920,Bob1920,20,5
1921,Bob1921,82,6
1922,Bob1922,60,7
1923,Bob1923,33,8
1924,Bob1924,56,6
1925,Bob1925,59,5
1926,Bob1926,85,11
1927,Bob1927,80,9
1928,Bob1928,84,10
1929,Bob1929,84,11
1930,Bob1930,46,7
1931,Bob1931,91,13
1932,Bob1932,50,3
1933,Bob1933,64,5
1934,Bob1934,89,5
1935,Bob1935,37,8
1936,Bob1936,26,10
1937,Bob1937,85,14
1938,Bob1938,57,12
1939,Bob1939,53,8
1940,Bob1940,58,3
1941,Bob1941,90,8
1942,Bob1942,51,5
1943,Bob1943,84,10
1944,Bob1944,64,12
1945,Bob1945,23,11
1946,Bob1946,64,13
1947,Bob1947,74,4
1948,Bob1948,61,7
1949,Bob1949,56,7
1950,Bob1950,41,7
1951,Bob1951,20,10
1952,Bob1952,67,11
1953,Bob1953,42,5
1954,Bob1954,73,8
1955,Bob1955,97,10
1956,Bob1956,24,6
1957,Bob1957,60,6
1958,Bob1958,62,7
1959,Bob1959,79,13
1960,Bob1960,49,4
1961,Bob1961,63,9
1962,Bob1962,40,3
1963,Bob1963,34,5
1964,Bob1964,71,6
1965,Bob1965,54,12
1966,Bob1966,56,9
1967,Bob1967,30,10
1968,Bob1968,68,11
1969,Bob1969,54,9
1970,Bob1970,82,6
1971,Bob1971,23,3
1972,Bob1972,38,5
1973,Bob1973,22,5
1974,Bob1974,43,4
1975,Bob1975,39,11
1976,Bob1976,59,10
1977,Bob1977,96,10
1978,Bob1978,90,13
1979,Bob1979,72,6
1980,Bob1980,35,11
1981,Bob1981,46,6
1982,Bob1982,58,11
1983,Bob1983,21,10
1984,Bob1984,49,5
1985,Bob1985,45,12
1986,Bob1986,22,5
1987,Bob1987,29,10
1988,Bob1988,26,8
1989,Bob1989,76,7
1990,Bob1990,92,14
1991,Bob1991,64,4
1992,Bob1992,83,9
1993,Bob1993,62,9
1994,Bob1994,74,13
1995,Bob1995,47,6
1996,Bob1996,22,10
1997,Bob1997,19,9
1998,Bob1998,20,11
1999,Bob1999,63,5
2000,Bob2000,77,4
